max_power = 60
min_power = 10

self.asteroids = [[117, 398, 55, 68, 1.2363636363636363], [443, 175, 54, 57, 1.0555555555555556], [511, 345, 59, 63, 1.0677966101694916]]
self.earth = [688, 288, 45, 22, 0.4888888888888889]
self.goal = [74, 203, 57, 74, 1.2982456140350878]